name: business-distric-discovery
channels:
  - conda-forge
  - defaults
dependencies:
  - bzip2=1.0.8=h2466b09_7
  - ca-certificates=2025.1.31=h56e8100_0
  - colorama=0.4.6=pyhd8ed1ab_1
  - intel-openmp=2025.0.0=h57928b3_1167
  - libblas=3.9.0=8_mkl
  - libcblas=3.9.0=8_mkl
  - libexpat=2.6.4=he0c23c2_0
  - libffi=3.4.6=h537db12_0
  - liblapack=3.9.0=8_mkl
  - liblzma=5.6.4=h2466b09_0
  - libsqlite=3.48.0=h67fdade_1
  - libzlib=1.3.1=h2466b09_2
  - mkl=2020.4=hb70f87d_311
  - numpy=2.2.3=py311h5e411d1_0
  - openssl=3.4.1=ha4e3fda_0
  - pandas=2.2.3=py311hcf9f919_1
  - pip=25.0.1=pyh8b19718_0
  - python=3.11.11=h3f84c4b_1_cpython
  - python-dateutil=2.9.0.post0=pyhff2d567_1
  - python-tzdata=2025.1=pyhd8ed1ab_0
  - python_abi=3.11=5_cp311
  - pytz=2024.1=pyhd8ed1ab_0
  - setuptools=75.8.0=pyhff2d567_0
  - six=1.17.0=pyhd8ed1ab_0
  - tk=8.6.13=h5226925_1
  - tqdm=4.67.1=pyhd8ed1ab_1
  - tzdata=2025a=h78e105d_0
  - ucrt=10.0.22621.0=h57928b3_1
  - vc=14.3=h5fd82a7_24
  - vc14_runtime=14.42.34433=h6356254_24
  - wheel=0.45.1=pyhd8ed1ab_1
prefix: C:\Users\user\.conda\envs\business-distric-discovery
